1.000000000000000000e+00 9.025145252529178652e-01 9.579479804343734584e-01 9.758785369298088597e-01 9.626770190715679965e-01 9.774277643088781220e-01 9.818047659929001192e-01 9.768852960768166227e-01 9.722213977695111087e-01 9.589392827870558689e-01
9.840618466477835113e-01 1.000000000000000000e+00 9.966527648301828357e-01 9.564980414463540859e-01 9.656638494762755931e-01 9.198128210992658760e-01 9.463355703108391470e-01 9.442931439367433510e-01 9.000056424641080799e-01 9.955070276237831806e-01
9.010305012187972418e-01 9.866357798189604456e-01 1.000000000000000000e+00 9.766167179053728553e-01 9.965106582042300154e-01 9.265024266101360428e-01 9.859553865996963928e-01 9.220338610597440532e-01 9.631707489906327080e-01 9.170075650326486860e-01
9.390674385838240212e-01 9.080143178496633549e-01 9.934134748919654090e-01 1.000000000000000000e+00 9.488083024778283248e-01 9.822161206202972838e-01 9.128854311803535904e-01 9.273578247216717196e-01 9.551948625592501241e-01 9.073482747194506759e-01
9.827805549187850209e-01 9.325021291656624411e-01 9.857731354933326751e-01 9.735397336124278489e-01 1.000000000000000000e+00 9.047425316459170030e-01 9.573569081557196103e-01 9.487215445425307703e-01 9.905620450893164453e-01 9.267870602699208593e-01
9.927430564363538545e-01 9.321363445142571980e-01 9.594760840252288814e-01 9.119095072541628655e-01 9.134871417022695228e-01 1.000000000000000000e+00 9.966853938383348765e-01 9.685898958407445081e-01 9.641878935994846467e-01 9.332750472101549732e-01
9.114246125401285203e-01 9.247033103620969641e-01 9.358200495094319837e-01 9.199675268523052063e-01 9.624287842668598492e-01 9.243611013931247733e-01 1.000000000000000000e+00 9.935955145692726420e-01 9.841865099296479569e-01 9.494883017878034126e-01
9.328436764016840854e-01 9.209852890965647410e-01 9.796381609436952687e-01 9.944404694136507183e-01 9.770696626654210570e-01 9.048536461017688826e-01 9.847905696586886082e-01 1.000000000000000000e+00 9.964713111367480280e-01 9.613515010746740419e-01
9.658328720297038039e-01 9.397710722783068071e-01 9.998328388027710734e-01 9.453935551469236920e-01 9.474157833425063124e-01 9.029934942972269729e-01 9.678516217535194643e-01 9.504805686667698872e-01 1.000000000000000000e+00 9.673486097104754267e-01
9.240905520688355024e-01 9.677288432828925480e-01 9.715869779143182505e-01 9.959293697688091918e-01 9.218214773240720472e-01 9.641902536410764668e-01 9.740950120663279810e-01 9.872250128025189531e-01 9.755707782772784498e-01 1.000000000000000000e+00
