1.000000000000000000e+00 9.682636344179050836e-01 9.213543730551514432e-01 9.028275237852035895e-01 9.108024073163683010e-01 9.604961579339598154e-01 9.765915411736800777e-01 9.060269719945841516e-01 9.361737192112385975e-01 9.581728406922772612e-01 9.352820222835145358e-01 9.884992998649682061e-01 9.432824442241866114e-01 9.000262898270415812e-01 9.825550296552774121e-01 9.328857068953715359e-01 9.551337458385572576e-01 9.276410590521451116e-01 9.204661583694300209e-01 9.388067467800907950e-01
9.473567666753532901e-01 1.000000000000000000e+00 9.864341536304919167e-01 9.208508780894882895e-01 9.099429572972889124e-01 9.568970218350343337e-01 9.522614302347747195e-01 9.404624571780579867e-01 9.695563536885855038e-01 9.746010381633719577e-01 9.017695682591977402e-01 9.010214492302862643e-01 9.817851569477876739e-01 9.951931245987311048e-01 9.914569965075917812e-01 9.775504012514856234e-01 9.983720961902807778e-01 9.538575214991984463e-01 9.523638924013539953e-01 9.280027242769687268e-01
9.128652172450406610e-01 9.655865830468179922e-01 1.000000000000000000e+00 9.880626756428777524e-01 9.162194587101427645e-01 9.584221841294198185e-01 9.235839809480631546e-01 9.291860079966512975e-01 9.994888908465895394e-01 9.316355307644282879e-01 9.009209604813809280e-01 9.496892442454916150e-01 9.855500452039280823e-01 9.448606657540742360e-01 9.170427586364862105e-01 9.795741007786082921e-01 9.428282008527003599e-01 9.724081799154511430e-01 9.301423405971590563e-01 9.456194478860711072e-01
9.803895854738952087e-01 9.885100516515027413e-01 9.631253841244108438e-01 1.000000000000000000e+00 9.309228676420787663e-01 9.322287239441384710e-01 9.041742476264520434e-01 9.088001703494452688e-01 9.762375834844737588e-01 9.871393594258235371e-01 9.071614929232274527e-01 9.009211482407244453e-01 9.266947172709630864e-01 9.082972850024760847e-01 9.862913047336332450e-01 9.173016087266289142e-01 9.669277852722359956e-01 9.817937974489371333e-01 9.048108082993016055e-01 9.196989903210134321e-01
9.563676920674035742e-01 9.003699496466529562e-01 9.706021484684380640e-01 9.247761417168164355e-01 1.000000000000000000e+00 9.414173476911443794e-01 9.308108865034132595e-01 9.633261566974141710e-01 9.135277372616184000e-01 9.636546675983765908e-01 9.374961342917080831e-01 9.446473694753375616e-01 9.557204704134526496e-01 9.735413239244183892e-01 9.523959539372560679e-01 9.107680369157924449e-01 9.586927797169014775e-01 9.876406385694949108e-01 9.448014555969312944e-01 9.980633514002972273e-01
9.866647562939460103e-01 9.362254466452506474e-01 9.953296523010867203e-01 9.556278902727829427e-01 9.573051041982477694e-01 1.000000000000000000e+00 9.410881303754266014e-01 9.816433359467774400e-01 9.691109473638447325e-01 9.208163515966267809e-01 9.867101530755155725e-01 9.574508451614670568e-01 9.828410119122829025e-01 9.824381890663411721e-01 9.248619619849529627e-01 9.434357924724807720e-01 9.787289290187499713e-01 9.240054435792243170e-01 9.070466191022390490e-01 9.386323108258605163e-01
9.386141330664167226e-01 9.733426247947140064e-01 9.970096372429674281e-01 9.352354099615610705e-01 9.058176804167444862e-01 9.059969653275149470e-01 1.000000000000000000e+00 9.822883586779161957e-01 9.543016798440986381e-01 9.376892737474190609e-01 9.086345851615648117e-01 9.679549090375872966e-01 9.547458035414869704e-01 9.827670036155773392e-01 9.286583999319939497e-01 9.693022648699818333e-01 9.331048679682260039e-01 9.123729280390362462e-01 9.762712471796226588e-01 9.293532862216959956e-01
9.849514639123227999e-01 9.745960944872343878e-01 9.227639523728238258e-01 9.017960077115271256e-01 9.048919204016162565e-01 9.801742070214971569e-01 9.100450102086968807e-01 1.000000000000000000e+00 9.379926646423418779e-01 9.251147899186208390e-01 9.488484221222959203e-01 9.355689364622452597e-01 9.203511815573662824e-01 9.793002878549870172e-01 9.036043272681675287e-01 9.411680441199186120e-01 9.715200252954688809e-01 9.704338617877446005e-01 9.559940412408719501e-01 9.047869650476549896e-01
9.006256603284353845e-01 9.086736367924076463e-01 9.330898366020486945e-01 9.349698761433544725e-01 9.551786725408302203e-01 9.546718127811145704e-01 9.661778430651957184e-01 9.178649273834582623e-01 1.000000000000000000e+00 9.102113714315106519e-01 9.319785276770243820e-01 9.914784416369571973e-01 9.660730848407178550e-01 9.331546317107001220e-01 9.169424351107966498e-01 9.911351685614089302e-01 9.622458336615401508e-01 9.907170084724349346e-01 9.607434890848339792e-01 9.520634408201023025e-01
9.840194495712245581e-01 9.769271903273692992e-01 9.028213732738511466e-01 9.404052788228899340e-01 9.452078437473142580e-01 9.142917536573296200e-01 9.045654579543564999e-01 9.065582139286018082e-01 9.840988140460877887e-01 1.000000000000000000e+00 9.474284723138962638e-01 9.773631765378990588e-01 9.555158713324671815e-01 9.276186122455997163e-01 9.587967866636921688e-01 9.747619404786217467e-01 9.022183146916246121e-01 9.801527071803897151e-01 9.743838373759361460e-01 9.291967589311314057e-01
9.922198269773216950e-01 9.779651126229378377e-01 9.094247741547984987e-01 9.496535732404461916e-01 9.667356077950192139e-01 9.262363703169834706e-01 9.955618730840812836e-01 9.011314966501496881e-01 9.844884062384885448e-01 9.458679068228911246e-01 1.000000000000000000e+00 9.251178881943813437e-01 9.306857272039021911e-01 9.130656767434571774e-01 9.602516311463926701e-01 9.995051765961733281e-01 9.232904784113269425e-01 9.737200830827761333e-01 9.984034642448396113e-01 9.492800987663437828e-01
9.532935042744963283e-01 9.201154328745757560e-01 9.288633043526307587e-01 9.971766349342976454e-01 9.565061803143959374e-01 9.602146625355140186e-01 9.023631298767178510e-01 9.535698922063389205e-01 9.806836068540731866e-01 9.083689315722882629e-01 9.898662926614472113e-01 1.000000000000000000e+00 9.806191308052500943e-01 9.182965376734311125e-01 9.607191354221724655e-01 9.526219248361481595e-01 9.751419513796146799e-01 9.084745875746135235e-01 9.657173897689255160e-01 9.284018997117703398e-01
9.284947932452798369e-01 9.662848984055593116e-01 9.902877345849323554e-01 9.764989131767738417e-01 9.077758079519454570e-01 9.739506998706799479e-01 9.727070362903253997e-01 9.254210168175314166e-01 9.460513109468196014e-01 9.816147868291662526e-01 9.524068064116490984e-01 9.391809559931104667e-01 1.000000000000000000e+00 9.560784535867363765e-01 9.107698283633477443e-01 9.741840578161160558e-01 9.883667804160255477e-01 9.629932015721198724e-01 9.695132740489470491e-01 9.468133736506768594e-01
9.063161681699126726e-01 9.872139189255511038e-01 9.472393300721267950e-01 9.820339183722743837e-01 9.305959323012458206e-01 9.244203827808223917e-01 9.714660961888087476e-01 9.351891151949209835e-01 9.558803856336743898e-01 9.670334688256172484e-01 9.709888709741254509e-01 9.458179510123169154e-01 9.886446333600481529e-01 1.000000000000000000e+00 9.816860693157565265e-01 9.038644025295777817e-01 9.681641736556521050e-01 9.326234073394912283e-01 9.909953902078116883e-01 9.661444682710128573e-01
9.661873522982948881e-01 9.603141235040376644e-01 9.817328860762642995e-01 9.857969606016493413e-01 9.699594460736467028e-01 9.183217978750406463e-01 9.210361011877913340e-01 9.218507802051963962e-01 9.666017393800817592e-01 9.653592370590685645e-01 9.001721324120969259e-01 9.188072668604736482e-01 9.320170816834908445e-01 9.811121156694591061e-01 1.000000000000000000e+00 9.291270153670146970e-01 9.443990148152957564e-01 9.244318983435702020e-01 9.252112062166769624e-01 9.215079445719541740e-01
9.405011295709996277e-01 9.715454668736861477e-01 9.773640724521623913e-01 9.329307475169483777e-01 9.851134312439506768e-01 9.614833664133114466e-01 9.791343354337281868e-01 9.578248105761947295e-01 9.611409659442475828e-01 9.785284903262340128e-01 9.286848458876343360e-01 9.947949466620785719e-01 9.981801310157968343e-01 9.295204944809977166e-01 9.879522764955862568e-01 1.000000000000000000e+00 9.760341166998527385e-01 9.965108702440715893e-01 9.760303935039594814e-01 9.985766588223797813e-01
9.761902428378151919e-01 9.258339188617792370e-01 9.007635208445178288e-01 9.434267581191636554e-01 9.886954045839370098e-01 9.711071908551831555e-01 9.354072310468133367e-01 9.256198948884574174e-01 9.128081548443981452e-01 9.122988747961706668e-01 9.512629001096767345e-01 9.568196807910550605e-01 9.960008488356436596e-01 9.938853961377682733e-01 9.813746004455332628e-01 9.669972866970886205e-01 1.000000000000000000e+00 9.775140956241761270e-01 9.826583082153573789e-01 9.015994067712987947e-01
9.378225714566138516e-01 9.139937366690261689e-01 9.431839023029638946e-01 9.644279976593840287e-01 9.862979750821859737e-01 9.159237887986059201e-01 9.433131926735542905e-01 9.900274289458912413e-01 9.867376493477799659e-01 9.550310770762705515e-01 9.441660676770303740e-01 9.014366808101316186e-01 9.370022417888809185e-01 9.414827992930818734e-01 9.555128950166302815e-01 9.622509266779230019e-01 9.938036807563785935e-01 1.000000000000000000e+00 9.131102008238796142e-01 9.208044301641242768e-01
9.383433706098889271e-01 9.144899304945324214e-01 9.821093794154529544e-01 9.845508647985296014e-01 9.409112180512839707e-01 9.022747323614062065e-01 9.564432711607235849e-01 9.627313473400225252e-01 9.109613310739533842e-01 9.807949341128725518e-01 9.955086091808837967e-01 9.822089277757037884e-01 9.302990175266303563e-01 9.524694432747355943e-01 9.000887176592612393e-01 9.527289874244759815e-01 9.449155901567251048e-01 9.426824582942303632e-01 1.000000000000000000e+00 9.463798591940387750e-01
9.891344170288781656e-01 9.989341896343810756e-01 9.619989493991468743e-01 9.490656172017268855e-01 9.495805276921409632e-01 9.166472337879738586e-01 9.456055622044574616e-01 9.692723109930997394e-01 9.409489503823842416e-01 9.897966571144413139e-01 9.929074485495107405e-01 9.882018429097271239e-01 9.277139510651973842e-01 9.962436201637530075e-01 9.334707411860840853e-01 9.709348245459138438e-01 9.906922162820706035e-01 9.328765350543442025e-01 9.274003244968642701e-01 1.000000000000000000e+00
